image: map_2.pgm
resolution: 1.000
origin: [-50.00000, -50.00000, 0.000000]
negate: 0
occupied_thresh: 0.1
free_thresh: 0.001
